      1   acvs were analised
      8   clusters in each
   -500.00  TimeStart
    989.60  TimeEnd
FILE #     1
all_others                                                                                          
 Cluster #     1
parietal_pre_cune_bilat__&&__parietal_sup_lobu_lt_blob_29                                           
    17 events in this cluster
TYPE     TIMEIX       TIME      TIMEST      TIMEEN     TIMERNGE     AMPLTD
  2    159      -245.60    -248.80    -236.00      12.80   0.16E-04
  3    174      -221.60    -223.20    -220.00       3.20   -.43E-05
  2    178      -215.20    -220.00    -212.00       8.00   -.17E-04
  2    369        90.40      84.00      95.20      11.20   0.24E-04
  3    373        96.80      93.60      98.40       4.80   -.32E-05
  2    391       125.60     119.20     128.80       9.60   -.18E-04
  2    440       204.00     199.20     207.20       8.00   0.19E-04
  3    442       207.20     205.60     210.40       4.80   -.34E-05
  1    524       338.40     328.80     346.40      17.60   -.29E-03
  1    542       367.20     346.40     370.40      24.00   -.36E-03
  1    551       381.60     370.40     410.40      40.00   -.39E-03
  3    619       490.40     487.20     492.00       4.80   0.52E-05
  2    621       493.60     490.40     496.80       6.40   0.24E-04
  3    624       498.40     496.80     501.60       4.80   -.46E-05
  3    882       911.20     909.60     912.80       3.20   0.32E-05
  2    908       952.80     949.60     957.60       8.00   0.17E-04
  2    921       973.60     968.80     981.60      12.80   -.16E-04
**********************************************************************
 Cluster #     2
parietal_pre_cune_bilat_blob_50                                                                     
    27 events in this cluster
TYPE     TIMEIX       TIME      TIMEST      TIMEEN     TIMERNGE     AMPLTD
  2     20      -468.00    -474.40    -463.20      11.20   0.38E-04
  3     25      -460.00    -463.20    -456.80       6.40   -.94E-05
  3    174      -221.60    -223.20    -218.40       4.80   -.75E-05
  3    265       -76.00     -77.60     -72.80       4.80   -.78E-05
  2    368        88.80      85.60      93.60       8.00   0.57E-04
  3    372        95.20      92.00      96.80       4.80   -.99E-05
  3    381       109.60     108.00     111.20       3.20   -.71E-05
  2    384       114.40     111.20     117.60       6.40   -.39E-04
  3    442       207.20     205.60     208.80       3.20   -.85E-05
  1    543       368.80     354.40     373.60      19.20   -.85E-03
  1    553       384.80     373.60     397.60      24.00   -.95E-03
  1    564       402.40     397.60     405.60       8.00   -.91E-03
  1    581       429.60     405.60     437.60      32.00   -.12E-02
  3    581       429.60     428.00     431.20       3.20   0.79E-05
  3    586       437.60     436.00     439.20       3.20   -.96E-05
  1    598       456.80     437.60     496.80      59.20   -.13E-02
  1    644       530.40     522.40     541.60      19.20   -.81E-03
  3    645       532.00     530.40     535.20       4.80   0.79E-05
  2    648       536.80     533.60     540.00       6.40   0.35E-04
  3    827       823.20     821.60     826.40       4.80   -.66E-05
  3    832       831.20     829.60     832.80       3.20   0.72E-05
  3    852       863.20     861.60     866.40       4.80   -.78E-05
  3    908       952.80     951.20     954.40       3.20   0.70E-05
  2    911       957.60     952.80     960.80       8.00   0.57E-04
  3    914       962.40     959.20     964.00       4.80   -.11E-04
  2    925       980.00     975.20     983.20       8.00   -.48E-04
  3    928       984.80     981.60     989.60       8.00   0.76E-05
**********************************************************************
 Cluster #     3
parietal_pre_cune_bilat__&&__occipital_cune_bilat_blob_9                                            
    17 events in this cluster
TYPE     TIMEIX       TIME      TIMEST      TIMEEN     TIMERNGE     AMPLTD
  3     13      -479.20    -482.40    -477.60       4.80   0.42E-05
  3     26      -458.40    -460.00    -455.20       4.80   -.58E-05
  2    369        90.40      85.60      93.60       8.00   0.33E-04
  3    371        93.60      92.00      96.80       4.80   -.51E-05
  1    380       108.00      92.00     116.00      24.00   0.51E-03
  3    381       109.60     106.40     111.20       4.80   -.65E-05
  2    383       112.80     111.20     116.00       4.80   -.26E-04
  1    556       389.60     378.40     396.00      17.60   -.38E-03
  1    580       428.00     396.00     439.20      43.20   -.49E-03
  1    604       466.40     439.20     484.00      44.80   -.58E-03
  1    620       492.00     484.00     520.80      36.80   -.51E-03
  1    644       530.40     520.80     544.80      24.00   -.49E-03
  3    644       530.40     528.80     533.60       4.80   0.43E-05
  2    911       957.60     949.60     960.80      11.20   0.21E-04
  3    914       962.40     960.80     965.60       4.80   -.40E-05
  1    916       965.60     957.60     976.80      19.20   0.35E-03
  2    924       978.40     975.20     983.20       8.00   -.22E-04
**********************************************************************
 Cluster #     4
parietal_pre_cune_bilat__&&__parietal_sup_lobu_rt_blob_29                                           
    26 events in this cluster
TYPE     TIMEIX       TIME      TIMEST      TIMEEN     TIMERNGE     AMPLTD
  3     13      -479.20    -482.40    -477.60       4.80   0.67E-05
  3     26      -458.40    -461.60    -456.80       4.80   -.98E-05
  2     28      -455.20    -456.80    -452.00       4.80   -.32E-04
  2    368        88.80      85.60      93.60       8.00   0.48E-04
  3    372        95.20      92.00      96.80       4.80   -.80E-05
  1    380       108.00     100.00     116.00      16.00   0.69E-03
  3    381       109.60     108.00     111.20       3.20   -.84E-05
  2    384       114.40     111.20     117.60       6.40   -.36E-04
  3    450       220.00     218.40     223.20       4.80   -.67E-05
  3    495       292.00     290.40     293.60       3.20   -.61E-05
  1    555       388.00     359.20     396.00      36.80   -.68E-03
  1    581       429.60     400.80     436.00      35.20   -.97E-03
  3    586       437.60     436.00     439.20       3.20   -.67E-05
  1    597       455.20     436.00     461.60      25.60   -.11E-02
  1    602       463.20     461.60     485.60      24.00   -.11E-02
  1    620       492.00     485.60     520.80      35.20   -.95E-03
  1    645       532.00     520.80     543.20      22.40   -.81E-03
  3    646       533.60     530.40     535.20       4.80   0.80E-05
  2    649       538.40     535.20     541.60       6.40   0.32E-04
  2    661       557.60     552.80     564.00      11.20   0.32E-04
  3    784       754.40     752.80     757.60       4.80   -.64E-05
  3    832       831.20     829.60     834.40       4.80   0.70E-05
  2    911       957.60     952.80     960.80       8.00   0.52E-04
  3    914       962.40     960.80     964.00       3.20   -.10E-04
  2    924       978.40     975.20     983.20       8.00   -.44E-04
  3    927       983.20     981.60     986.40       4.80   0.66E-05
**********************************************************************
 Cluster #     5
parietal_pre_cune_bilat__&&__parietal_sup_lobu_lt_blob_89                                           
    11 events in this cluster
TYPE     TIMEIX       TIME      TIMEST      TIMEEN     TIMERNGE     AMPLTD
  2    413       160.80     156.00     164.00       8.00   0.23E-04
  3    416       165.60     164.00     168.80       4.80   -.45E-05
  1    417       167.20     160.80     176.80      16.00   0.35E-03
  1    428       184.80     176.80     199.20      22.40   0.33E-03
  1    599       458.40     442.40     463.20      20.80   -.37E-03
  1    605       468.00     463.20     488.80      25.60   -.37E-03
  3    618       488.80     487.20     490.40       3.20   -.39E-05
  1    624       498.40     488.80     514.40      25.60   -.33E-03
  1    638       520.80     514.40     544.80      30.40   -.27E-03
  3    904       946.40     944.80     948.00       3.20   -.40E-05
  3    909       954.40     952.80     956.00       3.20   0.44E-05
**********************************************************************
 Cluster #     6
parietal_pre_cune_bilat_blob_152                                                                    
    21 events in this cluster
TYPE     TIMEIX       TIME      TIMEST      TIMEEN     TIMERNGE     AMPLTD
  2     21      -466.40    -472.80    -463.20       9.60   -.30E-04
  3     25      -460.00    -463.20    -458.40       4.80   0.71E-05
  3    266       -74.40     -77.60     -72.80       4.80   0.59E-05
  2    368        88.80      84.00      92.00       8.00   -.37E-04
  3    371        93.60      92.00      96.80       4.80   0.68E-05
  2    384       114.40     109.60     117.60       8.00   0.26E-04
  3    442       207.20     205.60     208.80       3.20   0.61E-05
  1    542       367.20     349.60     373.60      24.00   0.73E-03
  1    552       383.20     373.60     407.20      33.60   0.77E-03
  1    581       429.60     407.20     437.60      30.40   0.91E-03
  3    581       429.60     428.00     431.20       3.20   -.49E-05
  3    586       437.60     436.00     439.20       3.20   0.60E-05
  1    598       456.80     437.60     495.20      57.60   0.98E-03
  3    743       688.80     687.20     692.00       4.80   0.51E-05
  3    832       831.20     829.60     832.80       3.20   -.49E-05
  3    852       863.20     861.60     866.40       4.80   0.55E-05
  3    908       952.80     951.20     954.40       3.20   -.52E-05
  2    911       957.60     952.80     960.80       8.00   -.42E-04
  3    914       962.40     959.20     964.00       4.80   0.79E-05
  2    925       980.00     973.60     983.20       9.60   0.34E-04
  3    928       984.80     981.60     989.60       8.00   -.55E-05
**********************************************************************
 Cluster #     7
parietal_pre_cune_bilat_blob_26                                                                     
    21 events in this cluster
TYPE     TIMEIX       TIME      TIMEST      TIMEEN     TIMERNGE     AMPLTD
  2     21      -466.40    -474.40    -463.20      11.20   -.43E-04
  3     25      -460.00    -461.60    -456.80       4.80   0.12E-04
  2     28      -455.20    -456.80    -452.00       4.80   0.38E-04
  2    368        88.80      85.60      92.00       6.40   -.52E-04
  3    371        93.60      92.00      96.80       4.80   0.98E-05
  3    381       109.60     108.00     111.20       3.20   0.82E-05
  2    384       114.40     111.20     117.60       6.40   0.39E-04
  3    450       220.00     218.40     221.60       3.20   0.81E-05
  1    581       429.60     404.00     436.00      32.00   0.12E-02
  3    586       437.60     436.00     439.20       3.20   0.87E-05
  1    598       456.80     436.00     487.20      51.20   0.15E-02
  1    620       492.00     487.20     512.80      25.60   0.12E-02
  1    636       517.60     512.80     522.40       9.60   0.91E-03
  1    645       532.00     522.40     549.60      27.20   0.99E-03
  3    646       533.60     530.40     535.20       4.80   -.84E-05
  3    832       831.20     829.60     834.40       4.80   -.80E-05
  3    909       954.40     951.20     956.00       4.80   -.84E-05
  2    911       957.60     954.40     960.80       6.40   -.63E-04
  3    914       962.40     959.20     964.00       4.80   0.13E-04
  2    925       980.00     975.20     983.20       8.00   0.51E-04
  3    928       984.80     981.60     988.00       6.40   -.82E-05
**********************************************************************
 Cluster #     8
parietal_pre_cune_bilat__&&__parietal_sup_lobu_lt_blob_196                                          
    11 events in this cluster
TYPE     TIMEIX       TIME      TIMEST      TIMEEN     TIMERNGE     AMPLTD
  2    413       160.80     156.00     164.00       8.00   -.23E-04
  3    416       165.60     164.00     168.80       4.80   0.44E-05
  1    417       167.20     160.80     176.80      16.00   -.34E-03
  1    428       184.80     176.80     199.20      22.40   -.34E-03
  1    599       458.40     440.80     463.20      22.40   0.38E-03
  1    605       468.00     463.20     488.80      25.60   0.38E-03
  3    618       488.80     487.20     490.40       3.20   0.35E-05
  1    623       496.80     488.80     514.40      25.60   0.32E-03
  1    638       520.80     514.40     544.80      30.40   0.28E-03
  3    904       946.40     944.80     948.00       3.20   0.41E-05
  3    909       954.40     952.80     956.00       3.20   -.44E-05
**********************************************************************
**********************************************************************
